1.562500000000000000e-02
2.343750000000000000e-02
3.125000000000000000e-02
4.687500000000000000e-02
3.906250000000000000e-02
4.687500000000000000e-02
2.343750000000000000e-02
3.125000000000000000e-02
4.687500000000000000e-02
7.812500000000000000e-02
7.812500000000000000e-02
8.593750000000000000e-02
8.593750000000000000e-02
6.250000000000000000e-02
1.015625000000000000e-01
7.812500000000000000e-02
2.109375000000000000e-01
1.250000000000000000e-01
1.406250000000000000e-01
1.875000000000000000e-01
2.031250000000000000e-01
8.593750000000000000e-02
2.031250000000000000e-01
2.968750000000000000e-01
2.578125000000000000e-01
2.578125000000000000e-01
2.656250000000000000e-01
2.968750000000000000e-01
2.890625000000000000e-01
3.125000000000000000e-01
3.046875000000000000e-01
2.968750000000000000e-01
3.046875000000000000e-01
2.734375000000000000e-01
2.734375000000000000e-01
3.359375000000000000e-01
2.343750000000000000e-01
3.203125000000000000e-01
2.890625000000000000e-01
2.812500000000000000e-01
2.968750000000000000e-01
3.437500000000000000e-01
3.593750000000000000e-01
3.515625000000000000e-01
3.281250000000000000e-01
3.046875000000000000e-01
3.281250000000000000e-01
3.281250000000000000e-01
3.593750000000000000e-01
3.593750000000000000e-01
