1.562500000000000000e-02
2.343750000000000000e-02
3.125000000000000000e-02
2.343750000000000000e-02
2.343750000000000000e-02
4.687500000000000000e-02
6.250000000000000000e-02
1.093750000000000000e-01
1.093750000000000000e-01
1.640625000000000000e-01
1.875000000000000000e-01
2.421875000000000000e-01
3.203125000000000000e-01
2.656250000000000000e-01
3.359375000000000000e-01
3.203125000000000000e-01
3.281250000000000000e-01
3.515625000000000000e-01
4.062500000000000000e-01
4.218750000000000000e-01
3.593750000000000000e-01
3.515625000000000000e-01
3.984375000000000000e-01
3.906250000000000000e-01
3.671875000000000000e-01
4.218750000000000000e-01
3.671875000000000000e-01
3.515625000000000000e-01
3.750000000000000000e-01
3.750000000000000000e-01
3.515625000000000000e-01
3.906250000000000000e-01
3.515625000000000000e-01
3.984375000000000000e-01
3.359375000000000000e-01
3.984375000000000000e-01
3.984375000000000000e-01
3.515625000000000000e-01
3.906250000000000000e-01
3.359375000000000000e-01
3.906250000000000000e-01
3.828125000000000000e-01
3.593750000000000000e-01
3.437500000000000000e-01
3.515625000000000000e-01
3.828125000000000000e-01
3.281250000000000000e-01
3.671875000000000000e-01
3.515625000000000000e-01
3.515625000000000000e-01
